5 
10 
5 10 
15 
20 
15 20 
5 10 15 20 
25 
30 
25 30 
35 
40 
35 40 
25 30 35 40 
5 10 15 20 25 30 35 40 
45 
50 
45 50 
55 
60 
55 60 
45 50 55 60 
65 
70 
65 70 
75 
80 
75 80 
65 70 75 80 
45 50 55 60 65 70 75 80 
85 
90 
85 90 
95 
100 
95 100 
85 90 95 100 
105 
110 
105 110 
115 
120 
115 120 
105 110 115 120 
85 90 95 100 105 110 115 120 
125 
130 
125 130 
135 
140 
135 140 
125 130 135 140 
145 
150 
145 150 
155 
160 
155 160 
145 150 155 160 
125 130 135 140 145 150 155 160 
165 
170 
165 170 
175 
180 
175 180 
165 170 175 180 
185 
190 
185 190 
195 
200 
195 200 
185 190 195 200 
165 170 175 180 185 190 195 200 
205 
210 
205 210 
215 
220 
215 220 
205 210 215 220 
225 
230 
225 230 
235 
240 
235 240 
225 230 235 240 
205 210 215 220 225 230 235 240 
245 
250 
245 250 
255 
260 
255 260 
245 250 255 260 
265 
270 
265 270 
275 
280 
275 280 
265 270 275 280 
245 250 255 260 265 270 275 280 
285 
290 
285 290 
295 
300 
295 300 
285 290 295 300 
305 
310 
305 310 
315 
320 
315 320 
305 310 315 320 
285 290 295 300 305 310 315 320 
325 
330 
325 330 
335 
340 
335 340 
325 330 335 340 
345 
350 
345 350 
355 
360 
355 360 
345 350 355 360 
325 330 335 340 345 350 355 360 
365 
370 
365 370 
375 
380 
375 380 
365 370 375 380 
385 
390 
385 390 
395 
400 
395 400 
385 390 395 400 
365 370 375 380 385 390 395 400 
405 
410 
405 410 
415 
420 
415 420 
405 410 415 420 
425 
430 
425 430 
435 
440 
435 440 
425 430 435 440 
405 410 415 420 425 430 435 440 
445 
450 
445 450 
455 
460 
455 460 
445 450 455 460 
465 
470 
465 470 
475 
480 
475 480 
465 470 475 480 
445 450 455 460 465 470 475 480 
485 
490 
485 490 
495 
500 
495 500 
485 490 495 500 
505 
510 
505 510 
515 
520 
515 520 
505 510 515 520 
485 490 495 500 505 510 515 520 
525 
530 
525 530 
535 
540 
535 540 
525 530 535 540 
545 
550 
545 550 
555 
560 
555 560 
545 550 555 560 
525 530 535 540 545 550 555 560 
565 
570 
565 570 
575 
580 
575 580 
565 570 575 580 
585 
590 
585 590 
595 
600 
595 600 
585 590 595 600 
565 570 575 580 585 590 595 600 
605 
610 
605 610 
615 
620 
615 620 
605 610 615 620 
625 
630 
625 630 
635 
640 
635 640 
625 630 635 640 
605 610 615 620 625 630 635 640 
645 
650 
645 650 
655 
660 
655 660 
645 650 655 660 
665 
670 
665 670 
675 
680 
675 680 
665 670 675 680 
645 650 655 660 665 670 675 680 
685 
690 
685 690 
695 
700 
695 700 
685 690 695 700 
705 
710 
705 710 
715 
720 
715 720 
705 710 715 720 
685 690 695 700 705 710 715 720 
725 
730 
725 730 
735 
740 
735 740 
725 730 735 740 
745 
750 
745 750 
755 
760 
755 760 
745 750 755 760 
725 730 735 740 745 750 755 760 
765 
770 
765 770 
775 
780 
775 780 
765 770 775 780 
785 
790 
785 790 
795 
800 
795 800 
785 790 795 800 
765 770 775 780 785 790 795 800 
805 
810 
805 810 
815 
820 
815 820 
805 810 815 820 
825 
830 
825 830 
835 
840 
835 840 
825 830 835 840 
805 810 815 820 825 830 835 840 
845 
850 
845 850 
855 
860 
855 860 
845 850 855 860 
865 
870 
865 870 
875 
880 
875 880 
865 870 875 880 
845 850 855 860 865 870 875 880 
885 
890 
885 890 
895 
900 
895 900 
885 890 895 900 
905 
910 
905 910 
915 
920 
915 920 
905 910 915 920 
885 890 895 900 905 910 915 920 
925 
930 
925 930 
935 
940 
935 940 
925 930 935 940 
945 
950 
945 950 
955 
960 
955 960 
945 950 955 960 
925 930 935 940 945 950 955 960 
965 
970 
965 970 
975 
980 
975 980 
965 970 975 980 
985 
990 
985 990 
995 
1000 
995 1000 
985 990 995 1000 
965 970 975 980 985 990 995 1000 
1005 
1010 
1005 1010 
1015 
1020 
1015 1020 
1005 1010 1015 1020 
1025 
1030 
1025 1030 
1035 
1040 
1035 1040 
1025 1030 1035 1040 
1005 1010 1015 1020 1025 1030 1035 1040 
1045 
1050 
1045 1050 
1055 
1060 
1055 1060 
1045 1050 1055 1060 
1065 
1070 
1065 1070 
1075 
1080 
1075 1080 
1065 1070 1075 1080 
1045 1050 1055 1060 1065 1070 1075 1080 
1085 
1090 
1085 1090 
1095 
1100 
1095 1100 
1085 1090 1095 1100 
1105 
1110 
1105 1110 
1115 
1120 
1115 1120 
1105 1110 1115 1120 
1085 1090 1095 1100 1105 1110 1115 1120 
1125 
1130 
1125 1130 
1135 
1140 
1135 1140 
1125 1130 1135 1140 
1145 
1150 
1145 1150 
1155 
1160 
1155 1160 
1145 1150 1155 1160 
1125 1130 1135 1140 1145 1150 1155 1160 
1165 
1170 
1165 1170 
1175 
1180 
1175 1180 
1165 1170 1175 1180 
1185 
1190 
1185 1190 
1195 
1200 
1195 1200 
1185 1190 1195 1200 
1165 1170 1175 1180 1185 1190 1195 1200 
1205 
1210 
1205 1210 
1215 
1220 
1215 1220 
1205 1210 1215 1220 
1225 
1230 
1225 1230 
1235 
1240 
1235 1240 
1225 1230 1235 1240 
1205 1210 1215 1220 1225 1230 1235 1240 
1245 
1250 
1245 1250 
1255 
1260 
1255 1260 
1245 1250 1255 1260 
1265 
1270 
1265 1270 
1275 
1280 
1275 1280 
1265 1270 1275 1280 
1245 1250 1255 1260 1265 1270 1275 1280 
1285 
1290 
1285 1290 
1295 
1300 
1295 1300 
1285 1290 1295 1300 
1305 
1310 
1305 1310 
1315 
1320 
1315 1320 
1305 1310 1315 1320 
1285 1290 1295 1300 1305 1310 1315 1320 
1325 
1330 
1325 1330 
1335 
1340 
1335 1340 
1325 1330 1335 1340 
1345 
1350 
1345 1350 
1355 
1360 
1355 1360 
1345 1350 1355 1360 
1325 1330 1335 1340 1345 1350 1355 1360 
1365 
1370 
1365 1370 
1375 
1380 
1375 1380 
1365 1370 1375 1380 
1385 
1390 
1385 1390 
1395 
1400 
1395 1400 
1385 1390 1395 1400 
1365 1370 1375 1380 1385 1390 1395 1400 
1405 
1410 
1405 1410 
1415 
1420 
1415 1420 
1405 1410 1415 1420 
1425 
1430 
1425 1430 
1435 
1440 
1435 1440 
1425 1430 1435 1440 
1405 1410 1415 1420 1425 1430 1435 1440 
1445 
1450 
1445 1450 
1455 
1460 
1455 1460 
1445 1450 1455 1460 
1465 
1470 
1465 1470 
1475 
1480 
1475 1480 
1465 1470 1475 1480 
1445 1450 1455 1460 1465 1470 1475 1480 
1485 
1490 
1485 1490 
1495 
1500 
1495 1500 
1485 1490 1495 1500 
1505 
1510 
1505 1510 
1515 
1520 
1515 1520 
1505 1510 1515 1520 
1485 1490 1495 1500 1505 1510 1515 1520 
1525 
1530 
1525 1530 
1535 
1540 
1535 1540 
1525 1530 1535 1540 
1545 
1550 
1545 1550 
1555 
1560 
1555 1560 
1545 1550 1555 1560 
1525 1530 1535 1540 1545 1550 1555 1560 
1565 
1570 
1565 1570 
1575 
1580 
1575 1580 
1565 1570 1575 1580 
1585 
1590 
1585 1590 
1595 
1600 
1595 1600 
1585 1590 1595 1600 
1565 1570 1575 1580 1585 1590 1595 1600 
1605 
1610 
1605 1610 
1615 
1620 
1615 1620 
1605 1610 1615 1620 
1625 
1630 
1625 1630 
1635 
1640 
1635 1640 
1625 1630 1635 1640 
1605 1610 1615 1620 1625 1630 1635 1640 
1645 
1650 
1645 1650 
1655 
1660 
1655 1660 
1645 1650 1655 1660 
1665 
1670 
1665 1670 
1675 
1680 
1675 1680 
1665 1670 1675 1680 
1645 1650 1655 1660 1665 1670 1675 1680 
1685 
1690 
1685 1690 
1695 
1700 
1695 1700 
1685 1690 1695 1700 
1705 
1710 
1705 1710 
1715 
1720 
1715 1720 
1705 1710 1715 1720 
1685 1690 1695 1700 1705 1710 1715 1720 
1725 
1730 
1725 1730 
1735 
1740 
1735 1740 
1725 1730 1735 1740 
1745 
1750 
1745 1750 
1755 
1760 
1755 1760 
1745 1750 1755 1760 
1725 1730 1735 1740 1745 1750 1755 1760 
1765 
1770 
1765 1770 
1775 
1780 
1775 1780 
1765 1770 1775 1780 
1785 
1790 
1785 1790 
1795 
1800 
1795 1800 
1785 1790 1795 1800 
1765 1770 1775 1780 1785 1790 1795 1800 
1805 
1810 
1805 1810 
1815 
1820 
1815 1820 
1805 1810 1815 1820 
1825 
1830 
1825 1830 
1835 
1840 
1835 1840 
1825 1830 1835 1840 
1805 1810 1815 1820 1825 1830 1835 1840 
1845 
1850 
1845 1850 
1855 
1860 
1855 1860 
1845 1850 1855 1860 
1865 
1870 
1865 1870 
1875 
1880 
1875 1880 
1865 1870 1875 1880 
1845 1850 1855 1860 1865 1870 1875 1880 
1885 
1890 
1885 1890 
1895 
1900 
1895 1900 
1885 1890 1895 1900 
1905 
1910 
1905 1910 
1915 
1920 
1915 1920 
1905 1910 1915 1920 
1885 1890 1895 1900 1905 1910 1915 1920 
1925 
1930 
1925 1930 
1935 
1940 
1935 1940 
1925 1930 1935 1940 
1945 
1950 
1945 1950 
1955 
1960 
1955 1960 
1945 1950 1955 1960 
1925 1930 1935 1940 1945 1950 1955 1960 
1965 
1970 
1965 1970 
1975 
1980 
1975 1980 
1965 1970 1975 1980 
1985 
1990 
1985 1990 
1995 
2000 
1995 2000 
1985 1990 1995 2000 
1965 1970 1975 1980 1985 1990 1995 2000 
2005 
2010 
2005 2010 
2015 
2020 
2015 2020 
2005 2010 2015 2020 
2025 
2030 
2025 2030 
2035 
2040 
2035 2040 
2025 2030 2035 2040 
2005 2010 2015 2020 2025 2030 2035 2040 
2045 
2050 
2045 2050 
2055 
2060 
2055 2060 
2045 2050 2055 2060 
2065 
2070 
2065 2070 
2075 
2080 
2075 2080 
2065 2070 2075 2080 
2045 2050 2055 2060 2065 2070 2075 2080 
2085 
2090 
2085 2090 
2095 
2100 
2095 2100 
2085 2090 2095 2100 
2105 
2110 
2105 2110 
2115 
2120 
2115 2120 
2105 2110 2115 2120 
2085 2090 2095 2100 2105 2110 2115 2120 
2125 
2130 
2125 2130 
2135 
2140 
2135 2140 
2125 2130 2135 2140 
2145 
2150 
2145 2150 
2155 
2160 
2155 2160 
2145 2150 2155 2160 
2125 2130 2135 2140 2145 2150 2155 2160 
2165 
2170 
2165 2170 
2175 
2180 
2175 2180 
2165 2170 2175 2180 
2185 
2190 
2185 2190 
2195 
2200 
2195 2200 
2185 2190 2195 2200 
2165 2170 2175 2180 2185 2190 2195 2200 
2205 
2210 
2205 2210 
2215 
2220 
2215 2220 
2205 2210 2215 2220 
2225 
2230 
2225 2230 
2235 
2240 
2235 2240 
2225 2230 2235 2240 
2205 2210 2215 2220 2225 2230 2235 2240 
2245 
2250 
2245 2250 
2255 
2260 
2255 2260 
2245 2250 2255 2260 
2265 
2270 
2265 2270 
2275 
2280 
2275 2280 
2265 2270 2275 2280 
2245 2250 2255 2260 2265 2270 2275 2280 
2285 
2290 
2285 2290 
2295 
2300 
2295 2300 
2285 2290 2295 2300 
2305 
2310 
2305 2310 
2315 
2320 
2315 2320 
2305 2310 2315 2320 
2285 2290 2295 2300 2305 2310 2315 2320 
2325 
2330 
2325 2330 
2335 
2340 
2335 2340 
2325 2330 2335 2340 
2345 
2350 
2345 2350 
2355 
2360 
2355 2360 
2345 2350 2355 2360 
2325 2330 2335 2340 2345 2350 2355 2360 
2365 
2370 
2365 2370 
2375 
2380 
2375 2380 
2365 2370 2375 2380 
2385 
2390 
2385 2390 
2395 
2400 
2395 2400 
2385 2390 2395 2400 
2365 2370 2375 2380 2385 2390 2395 2400 
2405 
2410 
2405 2410 
2415 
2420 
2415 2420 
2405 2410 2415 2420 
2425 
2430 
2425 2430 
2435 
2440 
2435 2440 
2425 2430 2435 2440 
2405 2410 2415 2420 2425 2430 2435 2440 
2445 
2450 
2445 2450 
2455 
2460 
2455 2460 
2445 2450 2455 2460 
2465 
2470 
2465 2470 
2475 
2480 
2475 2480 
2465 2470 2475 2480 
2445 2450 2455 2460 2465 2470 2475 2480 
2485 
2490 
2485 2490 
2495 
2500 
2495 2500 
2485 2490 2495 2500 
2505 
2510 
2505 2510 
2515 
2520 
2515 2520 
2505 2510 2515 2520 
2485 2490 2495 2500 2505 2510 2515 2520 
2525 
2530 
2525 2530 
2535 
2540 
2535 2540 
2525 2530 2535 2540 
2545 
2550 
2545 2550 
2555 
2560 
2555 2560 
2545 2550 2555 2560 
2525 2530 2535 2540 2545 2550 2555 2560 
2565 
2570 
2565 2570 
2575 
2580 
2575 2580 
2565 2570 2575 2580 
2585 
2590 
2585 2590 
2595 
2600 
2595 2600 
2585 2590 2595 2600 
2565 2570 2575 2580 2585 2590 2595 2600 
2605 
2610 
2605 2610 
2615 
2620 
2615 2620 
2605 2610 2615 2620 
2625 
2630 
2625 2630 
2635 
2640 
2635 2640 
2625 2630 2635 2640 
2605 2610 2615 2620 2625 2630 2635 2640 
2645 
2650 
2645 2650 
2655 
2660 
2655 2660 
2645 2650 2655 2660 
2665 
2670 
2665 2670 
2675 
2680 
2675 2680 
2665 2670 2675 2680 
2645 2650 2655 2660 2665 2670 2675 2680 
2685 
2690 
2685 2690 
2695 
2700 
2695 2700 
2685 2690 2695 2700 
2705 
2710 
2705 2710 
2715 
2720 
2715 2720 
2705 2710 2715 2720 
2685 2690 2695 2700 2705 2710 2715 2720 
2725 
2730 
2725 2730 
2735 
2740 
2735 2740 
2725 2730 2735 2740 
2745 
2750 
2745 2750 
2755 
2760 
2755 2760 
2745 2750 2755 2760 
2725 2730 2735 2740 2745 2750 2755 2760 
2765 
2770 
2765 2770 
2775 
2780 
2775 2780 
2765 2770 2775 2780 
2785 
2790 
2785 2790 
2795 
2800 
2795 2800 
2785 2790 2795 2800 
2765 2770 2775 2780 2785 2790 2795 2800 
2805 
2810 
2805 2810 
2815 
2820 
2815 2820 
2805 2810 2815 2820 
2825 
2830 
2825 2830 
2835 
2840 
2835 2840 
2825 2830 2835 2840 
2805 2810 2815 2820 2825 2830 2835 2840 
2845 
2850 
2845 2850 
2855 
2860 
2855 2860 
2845 2850 2855 2860 
2865 
2870 
2865 2870 
2875 
2880 
2875 2880 
2865 2870 2875 2880 
2845 2850 2855 2860 2865 2870 2875 2880 
2885 
2890 
2885 2890 
2895 
2900 
2895 2900 
2885 2890 2895 2900 
2905 
2910 
2905 2910 
2915 
2920 
2915 2920 
2905 2910 2915 2920 
2885 2890 2895 2900 2905 2910 2915 2920 
2925 
2930 
2925 2930 
2935 
2940 
2935 2940 
2925 2930 2935 2940 
2945 
2950 
2945 2950 
2955 
2960 
2955 2960 
2945 2950 2955 2960 
2925 2930 2935 2940 2945 2950 2955 2960 
2965 
2970 
2965 2970 
2975 
2980 
2975 2980 
2965 2970 2975 2980 
2985 
2990 
2985 2990 
2995 
3000 
2995 3000 
2985 2990 2995 3000 
2965 2970 2975 2980 2985 2990 2995 3000 
3005 
3010 
3005 3010 
3015 
3020 
3015 3020 
3005 3010 3015 3020 
3025 
3030 
3025 3030 
3035 
3040 
3035 3040 
3025 3030 3035 3040 
3005 3010 3015 3020 3025 3030 3035 3040 
3045 
3050 
3045 3050 
3055 
3060 
3055 3060 
3045 3050 3055 3060 
3065 
3070 
3065 3070 
3075 
3080 
3075 3080 
3065 3070 3075 3080 
3045 3050 3055 3060 3065 3070 3075 3080 
3085 
3090 
3085 3090 
3095 
3100 
3095 3100 
3085 3090 3095 3100 
3105 
3110 
3105 3110 
3115 
3120 
3115 3120 
3105 3110 3115 3120 
3085 3090 3095 3100 3105 3110 3115 3120 
3125 
3130 
3125 3130 
3135 
3140 
3135 3140 
3125 3130 3135 3140 
3145 
3150 
3145 3150 
3155 
3160 
3155 3160 
3145 3150 3155 3160 
3125 3130 3135 3140 3145 3150 3155 3160 
3165 
3170 
3165 3170 
3175 
3180 
3175 3180 
3165 3170 3175 3180 
3185 
3190 
3185 3190 
3195 
3200 
3195 3200 
3185 3190 3195 3200 
3165 3170 3175 3180 3185 3190 3195 3200 
3205 
3210 
3205 3210 
3215 
3220 
3215 3220 
3205 3210 3215 3220 
3225 
3230 
3225 3230 
3235 
3240 
3235 3240 
3225 3230 3235 3240 
3205 3210 3215 3220 3225 3230 3235 3240 
3245 
3250 
3245 3250 
3255 
3260 
3255 3260 
3245 3250 3255 3260 
3265 
3270 
3265 3270 
3275 
3280 
3275 3280 
3265 3270 3275 3280 
3245 3250 3255 3260 3265 3270 3275 3280 
3285 
3290 
3285 3290 
3295 
3300 
3295 3300 
3285 3290 3295 3300 
3305 
3310 
3305 3310 
3315 
3320 
3315 3320 
3305 3310 3315 3320 
3285 3290 3295 3300 3305 3310 3315 3320 
3325 
3330 
3325 3330 
3335 
3340 
3335 3340 
3325 3330 3335 3340 
3345 
3350 
3345 3350 
3355 
3360 
3355 3360 
3345 3350 3355 3360 
3325 3330 3335 3340 3345 3350 3355 3360 
3365 
3370 
3365 3370 
3375 
3380 
3375 3380 
3365 3370 3375 3380 
3385 
3390 
3385 3390 
3395 
3400 
3395 3400 
3385 3390 3395 3400 
3365 3370 3375 3380 3385 3390 3395 3400 
3405 
3410 
3405 3410 
3415 
3420 
3415 3420 
3405 3410 3415 3420 
3425 
3430 
3425 3430 
3435 
3440 
3435 3440 
3425 3430 3435 3440 
3405 3410 3415 3420 3425 3430 3435 3440 
3445 
3450 
3445 3450 
3455 
3460 
3455 3460 
3445 3450 3455 3460 
3465 
3470 
3465 3470 
3475 
3480 
3475 3480 
3465 3470 3475 3480 
3445 3450 3455 3460 3465 3470 3475 3480 
3485 
3490 
3485 3490 
3495 
3500 
3495 3500 
3485 3490 3495 3500 
3505 
3510 
3505 3510 
3515 
3520 
3515 3520 
3505 3510 3515 3520 
3485 3490 3495 3500 3505 3510 3515 3520 
3525 
3530 
3525 3530 
3535 
3540 
3535 3540 
3525 3530 3535 3540 
3545 
3550 
3545 3550 
3555 
3560 
3555 3560 
3545 3550 3555 3560 
3525 3530 3535 3540 3545 3550 3555 3560 
3565 
3570 
3565 3570 
3575 
3580 
3575 3580 
3565 3570 3575 3580 
3585 
3590 
3585 3590 
3595 
3600 
3595 3600 
3585 3590 3595 3600 
3565 3570 3575 3580 3585 3590 3595 3600 
3605 
3610 
3605 3610 
3615 
3620 
3615 3620 
3605 3610 3615 3620 
3625 
3630 
3625 3630 
3635 
3640 
3635 3640 
3625 3630 3635 3640 
3605 3610 3615 3620 3625 3630 3635 3640 
3645 
3650 
3645 3650 
3655 
3660 
3655 3660 
3645 3650 3655 3660 
3665 
3670 
3665 3670 
3675 
3680 
3675 3680 
3665 3670 3675 3680 
3645 3650 3655 3660 3665 3670 3675 3680 
3685 
3690 
3685 3690 
3695 
3700 
3695 3700 
3685 3690 3695 3700 
3705 
3710 
3705 3710 
3715 
3720 
3715 3720 
3705 3710 3715 3720 
3685 3690 3695 3700 3705 3710 3715 3720 
3725 
3730 
3725 3730 
3735 
3740 
3735 3740 
3725 3730 3735 3740 
3745 
3750 
3745 3750 
3755 
3760 
3755 3760 
3745 3750 3755 3760 
3725 3730 3735 3740 3745 3750 3755 3760 
3765 
3770 
3765 3770 
3775 
3780 
3775 3780 
3765 3770 3775 3780 
3785 
3790 
3785 3790 
3795 
3800 
3795 3800 
3785 3790 3795 3800 
3765 3770 3775 3780 3785 3790 3795 3800 
3805 
3810 
3805 3810 
3815 
3820 
3815 3820 
3805 3810 3815 3820 
3825 
3830 
3825 3830 
3835 
3840 
3835 3840 
3825 3830 3835 3840 
3805 3810 3815 3820 3825 3830 3835 3840 
3845 
3850 
3845 3850 
3855 
3860 
3855 3860 
3845 3850 3855 3860 
3865 
3870 
3865 3870 
3875 
3880 
3875 3880 
3865 3870 3875 3880 
3845 3850 3855 3860 3865 3870 3875 3880 
3885 
3890 
3885 3890 
3895 
3900 
3895 3900 
3885 3890 3895 3900 
3905 
3910 
3905 3910 
3915 
3920 
3915 3920 
3905 3910 3915 3920 
3885 3890 3895 3900 3905 3910 3915 3920 
3925 
3930 
3925 3930 
3935 
3940 
3935 3940 
3925 3930 3935 3940 
3945 
3950 
3945 3950 
3955 
3960 
3955 3960 
3945 3950 3955 3960 
3925 3930 3935 3940 3945 3950 3955 3960 
3965 
3970 
3965 3970 
3975 
3980 
3975 3980 
3965 3970 3975 3980 
3985 
3990 
3985 3990 
3995 
4000 
3995 4000 
3985 3990 3995 4000 
3965 3970 3975 3980 3985 3990 3995 4000 
4005 
4010 
4005 4010 
4015 
4020 
4015 4020 
4005 4010 4015 4020 
4025 
4030 
4025 4030 
4035 
4040 
4035 4040 
4025 4030 4035 4040 
4005 4010 4015 4020 4025 4030 4035 4040 
4045 
4050 
4045 4050 
4055 
4060 
4055 4060 
4045 4050 4055 4060 
4065 
4070 
4065 4070 
4075 
4080 
4075 4080 
4065 4070 4075 4080 
4045 4050 4055 4060 4065 4070 4075 4080 
4085 
4090 
4085 4090 
4095 
4100 
4095 4100 
4085 4090 4095 4100 
4105 
4110 
4105 4110 
4115 
4120 
4115 4120 
4105 4110 4115 4120 
4085 4090 4095 4100 4105 4110 4115 4120 
4125 
4130 
4125 4130 
4135 
4140 
4135 4140 
4125 4130 4135 4140 
4145 
4150 
4145 4150 
4155 
4160 
4155 4160 
4145 4150 4155 4160 
4125 4130 4135 4140 4145 4150 4155 4160 
4165 
4170 
4165 4170 
